   0/299   1034/1034      4.41     0.346      5.54      8.84      19.1        25     0.284          0          0          0          0       12.2
   0/299   1034/1034      4.44     0.345      5.53      8.75      19.1        14     0.278      0.127      0.446      0.208      0.174       11.3
   1/299   1034/1034      3.77     0.254      2.06      5.26      11.4        27     0.291      0.126       0.59      0.313      0.204       9.34
   2/299   1034/1034      3.57     0.225      1.82         4      9.62        19     0.285      0.168      0.575      0.326      0.256       8.77
   3/299   1034/1034      3.34     0.211      1.71      3.37      8.63        12      0.29      0.157      0.638      0.385      0.249       8.11
   4/299   1034/1034      3.25       0.2      1.63         3      8.08        21     0.289      0.177      0.671      0.429      0.277       7.46
   5/299   1034/1034      3.13     0.193      1.55      2.54      7.42        17     0.286      0.192      0.671      0.427      0.293       7.43
   6/299   1034/1034      2.99     0.182      1.49      2.24      6.91        15     0.283       0.19      0.658      0.403      0.289       7.57
   7/299   1034/1034      2.89     0.177      1.45      1.99       6.5        19     0.284      0.176      0.698       0.45      0.277       7.18
   8/299   1034/1034      2.85     0.173      1.41      1.76      6.18        18     0.282      0.188        0.7       0.47      0.292       6.82
   9/299   1034/1034      2.72      0.17      1.37      1.54       5.8        45     0.285      0.204      0.696      0.457      0.312       6.86
  10/299   1034/1034      2.63     0.162      1.33      1.37       5.5        16     0.285      0.203      0.685      0.437      0.308       7.25
  11/299   1034/1034      2.61     0.163      1.31      1.38      5.47        11     0.273      0.193      0.694      0.467      0.298       7.14
  12/299   1034/1034      2.52      0.16      1.29      1.24       5.2        30     0.283       0.21      0.696      0.467      0.318       6.75
  13/299   1034/1034      2.47     0.153      1.23      1.03      4.88        29     0.297      0.237      0.701      0.481      0.348       6.78
  14/299   1034/1034      2.42     0.152      1.24      1.18      4.99        17      0.28      0.208      0.703      0.467      0.312       6.93
  15/299   1034/1034      2.36     0.151      1.21      1.09      4.82        23     0.284       0.21      0.713      0.483       0.32       6.79
  16/299   1034/1034      2.26     0.144      1.17     0.852      4.42        27     0.277      0.215      0.701      0.482      0.322       6.81
  17/299   1034/1034      2.19     0.142      1.14     0.766      4.24        15     0.275      0.215      0.712      0.489      0.325       6.66
  18/299   1034/1034      2.19     0.143      1.15     0.966      4.45        11     0.282      0.192      0.716      0.472      0.295       6.81
  19/299   1034/1034      2.15      0.14      1.12     0.837      4.25        16     0.289      0.213      0.713      0.494      0.323        6.6
  20/299   1034/1034      2.06     0.138      1.08     0.683      3.96        18     0.281      0.207      0.722      0.501      0.319       6.64
  21/299   1034/1034      1.98     0.137      1.06     0.692      3.88        10     0.285        0.2      0.706      0.481      0.305       7.08
  22/299   1034/1034      1.91     0.134      1.04     0.622       3.7        20     0.291      0.225      0.706      0.488      0.334       6.82
  23/299   1034/1034      1.91     0.132      1.01      0.55       3.6        25     0.285      0.223      0.709      0.498      0.332       6.82
  24/299   1034/1034      1.85     0.132     0.983     0.548      3.51        15     0.287      0.223      0.715      0.497      0.336       6.53
  25/299   1034/1034      1.85     0.131     0.965     0.544      3.49        22     0.288      0.228      0.712      0.501      0.339       6.69
  26/299   1034/1034      1.89     0.133      1.01     0.714      3.75        26      0.29        0.2      0.704      0.475      0.305       6.94
  27/299   1034/1034      1.76     0.127     0.948     0.457      3.29        27     0.286      0.229       0.72      0.513      0.338       6.58
  28/299   1034/1034      1.76     0.126      0.93     0.525      3.35        29      0.28      0.226      0.706       0.49      0.338       6.92
  29/299   1034/1034      1.71     0.125     0.912     0.447      3.19        17     0.288       0.21      0.722      0.493      0.318       6.92
  30/299   1034/1034      1.65     0.123     0.892     0.407      3.07        13     0.282      0.239      0.709       0.51      0.351       6.77
  31/299   1034/1034      1.61     0.121     0.875     0.433      3.04        24     0.285      0.261      0.709      0.512      0.373       6.74
  32/299   1034/1034       1.6     0.122     0.859     0.399      2.98        11     0.284      0.237      0.709      0.503      0.347       6.69
  33/299   1034/1034      1.51     0.118     0.807     0.297      2.74        20     0.282      0.236      0.723      0.514      0.349       6.64
  34/299   1034/1034      1.51     0.117     0.814     0.436      2.88        10     0.283       0.22      0.712      0.499      0.331       6.78
  35/299   1034/1034      1.49     0.118      0.82     0.452      2.88        16     0.286      0.145      0.643       0.35      0.229       8.34
  36/299   1034/1034      1.72     0.126     0.944      0.78      3.57        20     0.286        0.2      0.721      0.504      0.309       6.79
  37/299   1034/1034      1.53     0.119     0.838     0.393      2.88        31     0.279      0.232      0.712      0.505      0.344       6.84
  38/299   1034/1034      1.46     0.117     0.783     0.275      2.64        13     0.285      0.233      0.712      0.511      0.346       6.76
  39/299   1034/1034      1.38     0.113     0.749     0.229      2.48        37     0.284      0.255      0.708      0.515      0.368       6.61
  40/299   1034/1034      1.35     0.115     0.728     0.252      2.44        17      0.28      0.248      0.712      0.511      0.359        6.8
  41/299   1034/1034       1.3     0.111     0.706     0.214      2.33        11     0.278       0.26      0.713      0.515      0.371       6.69
  42/299   1034/1034      1.29     0.109     0.699     0.249      2.35        19     0.278       0.26      0.716      0.522      0.373       6.79
  43/299   1034/1034      1.27     0.109     0.684     0.247       2.3        21     0.282      0.254      0.706       0.51      0.364       6.86
  44/299   1034/1034      1.26     0.109     0.681     0.241      2.29        18     0.288      0.252      0.707      0.513      0.365       6.76
  45/299   1034/1034      1.21     0.108      0.66     0.195      2.18        18     0.277      0.243      0.714      0.526      0.355       6.63
  46/299   1034/1034      1.19     0.104      0.64     0.172      2.11        20     0.292       0.26      0.715      0.521      0.373       6.74
  47/299   1034/1034      1.15     0.104     0.626     0.185      2.07        11     0.288      0.261      0.703      0.512      0.372       6.72
  48/299   1034/1034      1.17     0.103     0.632     0.198       2.1        25     0.278      0.274      0.695        0.5      0.383       6.99
  49/299   1034/1034      1.17     0.103     0.629     0.194      2.09        56     0.288      0.249      0.704       0.51      0.356       6.95
  50/299   1034/1034      1.13     0.103     0.608     0.167      2.01        20     0.279      0.283      0.702      0.519      0.393       7.05
  51/299   1034/1034      1.12     0.103     0.609      0.15      1.98        15     0.286      0.253      0.716      0.526      0.363        6.7
  52/299   1034/1034      1.07       0.1     0.587     0.136      1.89        17     0.294       0.29      0.707      0.521      0.399       6.92
  53/299   1034/1034      1.06    0.0993     0.585     0.174      1.92        17     0.285      0.269      0.712       0.52      0.381       6.81
  54/299   1034/1034      1.01    0.0974     0.568     0.133       1.8        25     0.279      0.287      0.717      0.536      0.404       6.74
  55/299   1034/1034      1.01    0.0988     0.557     0.148      1.81        32     0.288      0.299      0.704      0.527      0.412       6.79
  56/299   1034/1034     0.959    0.0964     0.548      0.12      1.72        16     0.288      0.306      0.693       0.52      0.415       6.83
  57/299   1034/1034     0.979    0.0966     0.534     0.114      1.72        18     0.289        0.3      0.706      0.524      0.409       6.73
  58/299   1034/1034     0.943    0.0953     0.531     0.127       1.7        11     0.278      0.289      0.705       0.53        0.4       6.79
  59/299   1034/1034     0.947    0.0954     0.529     0.133       1.7        21     0.285      0.285      0.707       0.53      0.395       6.88
  60/299   1034/1034     0.927    0.0933     0.525     0.112      1.66        18     0.292      0.294      0.706       0.53      0.408       6.78
  61/299   1034/1034      1.02    0.0961     0.564     0.256      1.93        16     0.276      0.285      0.693      0.511      0.394       7.01
  62/299   1034/1034      0.95    0.0942     0.538     0.156      1.74        25     0.275      0.281      0.707      0.523      0.394       7.07
  63/299   1034/1034     0.927    0.0922     0.525     0.121      1.66        13     0.284      0.275      0.706      0.521      0.386       7.02
  64/299   1034/1034     0.892    0.0919     0.507     0.104       1.6        22     0.272      0.306      0.699      0.523      0.413       6.94
  65/299   1034/1034     0.891    0.0918     0.502     0.105      1.59        15     0.275      0.291      0.703      0.526      0.402       6.92
  66/299   1034/1034     0.887    0.0917     0.496     0.117      1.59        13     0.268      0.292      0.701      0.517      0.401       6.98
  67/299   1034/1034      0.98    0.0962     0.575     0.302      1.95        34     0.279      0.266      0.703      0.513      0.378       6.95
  68/299   1034/1034     0.936    0.0929     0.535     0.139       1.7        14     0.278      0.289      0.698      0.513      0.396       7.03
  69/299   1034/1034     0.929    0.0959     0.521     0.132      1.68        13     0.266      0.291       0.69      0.511        0.4       6.98
  70/299   1034/1034     0.903    0.0925     0.516     0.145      1.66        16      0.29      0.296      0.699      0.523      0.405       7.08
  71/299   1034/1034      0.87    0.0908       0.5     0.108      1.57        17     0.282      0.303      0.702      0.529      0.412       7.03
  72/299   1034/1034     0.837    0.0892     0.483     0.102      1.51        13     0.285      0.309      0.701      0.523      0.418       7.01
  73/299   1034/1034     0.811    0.0876     0.473    0.0981      1.47        15     0.263      0.301      0.702      0.528      0.411       7.05
  74/299   1034/1034     0.811    0.0881     0.473     0.108      1.48        17     0.282      0.315      0.698      0.526      0.422       6.96
  75/299   1034/1034     0.795    0.0875     0.471    0.0883      1.44        29     0.281      0.323      0.697      0.526      0.429       7.09
  76/299   1034/1034     0.797    0.0873     0.458    0.0922      1.43        13      0.29      0.282      0.696      0.514      0.387       7.07
  77/299   1034/1034     0.779    0.0852     0.453     0.099      1.42        24     0.284       0.28      0.706       0.52      0.388       7.24
  78/299   1034/1034     0.767    0.0853     0.447    0.0879      1.39        17     0.284      0.322      0.699      0.533      0.429       6.89
  79/299   1034/1034     0.737    0.0847     0.446    0.0789      1.35        22     0.279      0.343       0.69       0.53      0.445       7.02
  80/299   1034/1034     0.749    0.0825      0.44    0.0729      1.34        37      0.28      0.316      0.694      0.525      0.423       6.99
  81/299   1034/1034     0.743    0.0822     0.434    0.0699      1.33        13     0.273      0.327      0.685      0.523      0.433       7.02
  82/299   1034/1034     0.728    0.0828     0.424    0.0694       1.3        20     0.277       0.31      0.697      0.532       0.42       6.96
  83/299   1034/1034     0.715      0.08     0.424    0.0827       1.3        11     0.272      0.298      0.712      0.533       0.41        7.1
  84/299   1034/1034     0.717    0.0811      0.43    0.0691       1.3        19     0.279      0.321      0.699      0.536      0.428       6.94
   0/299   1034/1034      4.46     0.354      5.43      8.74        19        14     0.286       0.11      0.425      0.182      0.162     0.0361
   1/299   1034/1034      3.78     0.261      2.07      5.22      11.3        21     0.274      0.129       0.56      0.308      0.205     0.0294
   2/299   1034/1034      3.59     0.229      1.83      4.08      9.73        24     0.278      0.161      0.623      0.365      0.251     0.0267
   3/299   1034/1034      3.37     0.212      1.71      3.28      8.57        25     0.279      0.156      0.659      0.389      0.248     0.0249
